              precision    recall  f1-score   support

           0       0.00      0.00      0.00         1
           1       0.00      0.00      0.00         1
           2       0.00      0.00      0.00         1
           3       0.00      0.00      0.00         1
           4       0.00      0.00      0.00         1
           5       0.00      0.00      0.00         1
           6       0.00      0.00      0.00         1
           7       0.00      0.00      0.00         1
           8       0.00      0.00      0.00         1
           9       0.00      0.00      0.00         1
          10       0.00      0.00      0.00         1
          11       0.00      0.00      0.00         1
          12       0.00      0.00      0.00         1
          13       0.00      0.00      0.00         1
          14       0.00      0.00      0.00         1
          15       0.00      0.00      0.00         1
          16       0.00      0.00      0.00         1
          17       0.00      0.00      0.00         1
          18       0.00      0.00      0.00         1
          19       0.00      0.00      0.00         1
          20       0.00      0.00      0.00         1
          21       0.00      0.00      0.00         1
          23       0.00      0.00      0.00        16
          24       0.00      0.00      0.00        12
          26       0.00      0.00      0.00        60
          28       0.00      0.00      0.00        22
          30       0.00      0.00      0.00         3
          31       0.00      0.00      0.00         2
          33       0.00      0.00      0.00         3
          34       0.00      0.00      0.00         3
          35       0.72      1.00      0.84       514
          36       0.00      0.00      0.00         3
          37       0.00      0.00      0.00         2
          38       0.00      0.00      0.00         8
          39       0.00      0.00      0.00         3
          40       0.00      0.00      0.00        35
          42       0.00      0.00      0.00         1
          43       0.00      0.00      0.00         7
          44       0.00      0.00      0.00         1

    accuracy                           0.72       717
   macro avg       0.02      0.03      0.02       717
weighted avg       0.51      0.72      0.60       717
